endpoint	direction	thresCurva	thresDist	threshold	pooled_variance	dist2l	curvature	p1	p2
percent_affected_48	1	0	0	5	0.064208837496253	0	1.1580848957164219e-6	1	8
percent_affected_48	1	0	0	10	0.03427972691633722	0.021168242641612437	4.6396262458839744e-4	1	8
percent_affected_48	1	0	1	15	0.013363483786809979	0.03332363166795936	0.0024689654801920927	1	8
percent_affected_48	1	0	0	20	0.011145787383511685	0.026780502671117323	-0.001364675136376664	1	8
percent_affected_48	1	1	0	25	0.004738079698683135	0.0244273785239655	9.785038382516735e-4	1	8
percent_affected_48	1	0	0	30	0.003368406632337273	0.0170362274919218	-1.310949238951662e-4	1	8
percent_affected_48	1	0	0	35	0.0030450117231708754	0.008598799908778725	4.808622984044203e-5	1	8
percent_affected_48	1	0	0	40	0.0028829893873536802	0	1.6208836353649386e-5	1	8
percent_affected_48	1	0	0	45	0.003003740336535165	NA	2.2809600468347857e-5	1	8
percent_affected_48	1	0	0	50	0.0033324287133389002	NA	-7.637273541698432e-6	1	8
percent_affected_48	1	0	0	55	0.0035339113889293152	NA	-5.3319242611204234e-5	1	8
percent_affected_48	1	0	0	60	0.003370032059202798	NA	4.5540481538129474e-5	1	8
percent_affected_48	1	0	0	65	0.00343440174235726	NA	-1.9283157494847105e-5	1	8
percent_affected_48	1	0	0	70	0.0036977485842510627	NA	1.2710117601248984e-4	1	8
percent_affected_48	1	0	0	75	0.004541421946344366	NA	-2.1056485006774986e-4	1	8
percent_affected_48	1	0	0	80	0.004406489896893908	NA	2.4542761753867205e-4	1	8
percent_affected_48	1	0	0	85	0.005647115094129502	NA	-1.1087814194142013e-4	1	8
percent_affected_48	1	0	0	90	0.005919393782077406	NA	-2.6672125496201275e-4	1	8
percent_affected_48	1	0	0	95	0.003738783978235706	NA	3.7685412518776515e-7	1	8
percent_affected_96	1	0	0	5	0.05186818355454478	0	1.0262743892231716e-6	1	19
percent_affected_96	1	0	0	10	0.02916182516659222	0.019990912484365967	2.3798702553937392e-4	1	19
percent_affected_96	1	0	0	15	0.012921140147390263	0.03351615255349085	0.0021504830412075273	1	19
percent_affected_96	1	0	0	20	0.012092612272697166	0.03162923775097739	-0.00144214377560965	1	19
percent_affected_96	1	1	1	25	0.005826399444122815	0.03518000710043576	0.0010079921416703635	1	19
percent_affected_96	1	0	0	30	0.004660522403595574	0.0336304414140067	-1.416750895985843e-4	1	19
percent_affected_96	1	0	0	35	0.004525721531403553	0.031049799711297874	5.362167519145043e-5	1	19
percent_affected_96	1	0	0	40	0.004480530621826029	0.028379548059189554	-2.979882819076978e-5	1	19
percent_affected_96	1	0	0	45	0.00438608395902061	0.02575855215304526	4.1930875794335565e-5	1	19
percent_affected_96	1	0	0	50	0.0045003196478742525	0.02292887392601683	-3.7757146176691165e-5	1	19
percent_affected_96	1	0	0	55	0.0044234962844506235	0.0202902547230897	1.7389363839288727e-5	1	19
percent_affected_96	1	0	0	60	0.004409182552511951	0.01758912589789607	-1.7956861166024279e-6	1	19
percent_affected_96	1	0	0	65	0.0044298214087000265	0.014853044489730243	6.570622912264234e-6	1	19
percent_affected_96	1	0	0	70	0.004684870435090963	0.011882552945930623	8.803007189256961e-5	1	19
percent_affected_96	1	0	0	75	0.005401258027230827	0.00845072290441687	-1.3724841422131054e-4	1	19
percent_affected_96	1	0	0	80	0.0055350512213987665	0.0056014871749583365	1.8131826886463095e-4	1	19
percent_affected_96	1	0	0	85	0.006702076622213811	0.001719019391226117	-9.207321706379051e-5	1	19
percent_affected_96	1	0	0	90	0.0066335062451296735	9.278527968234146e-4	-4.061111365489141e-4	1	19
percent_affected_96	1	0	0	95	0.0029902103559986057	0	6.50273955554281e-7	1	19
percent_mortality_48	1	0	0	5	0.009599742573839786	0	-8.892397450317994e-7	1	14
percent_mortality_48	1	0	0	10	0.0048053517904989495	0.004120577204056536	4.441053599875208e-4	1	14
percent_mortality_48	1	1	1	15	0.003604874437280713	0.004647241010624982	-5.045559869148942e-5	1	14
percent_mortality_48	1	0	0	20	0.0033435509773081873	0.004234750932475699	2.0851044048664965e-4	1	14
percent_mortality_48	1	0	0	25	0.00433113821608814	0.0025733501669146642	-1.841090422235438e-4	1	14
percent_mortality_48	1	0	0	30	0.004027060562273899	0.0022036142822188655	-9.207337576608014e-5	1	14
percent_mortality_48	1	0	0	35	0.0029229031748274053	0.0026339581238902	1.6836432620161493e-4	1	14
percent_mortality_48	1	0	0	40	0.0027159618188139735	0.0021670859422756386	-1.5072024560118912e-4	1	14
percent_mortality_48	1	0	0	45	0.001798579735902315	0.0024106544811081515	9.350510917294062e-5	1	14
percent_mortality_48	1	0	0	50	0.0013377993756945128	0.0021976213013829757	-4.131391723644255e-6	1	14
percent_mortality_48	1	0	0	55	0.001101102855074949	0.0017605042841043546	3.058069288495662e-5	1	14
percent_mortality_48	1	0	0	60	0.0010726158511282897	0.001115177752043475	-1.825081197572595e-5	1	14
percent_mortality_48	1	0	0	65	9.46262932553647e-4	5.677171337219078e-4	-4.553084020584435e-6	1	14
percent_mortality_48	1	0	0	70	8.40166529563283e-4	0	4.618627558375354e-5	1	14
percent_mortality_48	1	0	0	75	0.0010049792405333938	NA	-5.0155643712621526e-5	1	14
percent_mortality_48	1	0	0	80	9.751408260649398e-4	NA	6.100375898738827e-5	1	14
percent_mortality_48	1	0	0	85	0.0014079907544031736	NA	2.8231010348732055e-5	1	14
percent_mortality_48	1	0	0	90	0.001897618714911927	NA	-1.466743512001693e-4	1	14
percent_mortality_48	1	0	0	95	0.0012243473222840573	NA	2.747036413959286e-7	1	14
percent_mortality_96	1	0	0	5	0.010456842384882942	NA	-2.8013668930560935e-7	6	19
percent_mortality_96	1	0	0	10	0.00789755697293169	NA	1.615798753281992e-4	6	19
percent_mortality_96	1	0	0	15	0.008438950475448062	NA	6.411017674056436e-5	6	19
percent_mortality_96	1	0	0	20	0.008687783737987969	NA	8.529137991641561e-5	6	19
percent_mortality_96	1	0	0	25	0.010611367956457885	NA	-5.8111830384260105e-5	6	19
percent_mortality_96	1	0	0	30	0.012033357829071065	0	-1.807798070627304e-4	6	19
percent_mortality_96	1	0	0	35	0.01011091500998168	0.0012603137081580607	-7.653771660768813e-6	6	19
percent_mortality_96	1	0	0	40	0.009721803295762273	9.872963248908498e-4	-1.0138889457219456e-4	6	19
percent_mortality_96	1	0	0	45	0.00683776236234368	0.0032092081389465395	5.1630952541424994e-5	6	19
percent_mortality_96	1	1	1	50	0.005032324960245351	0.004352516431139484	1.069576086760822e-4	6	19
percent_mortality_96	1	0	0	55	0.004646486196986857	0.004076226096940056	3.429254922348768e-5	6	19
percent_mortality_96	1	0	0	60	0.004651380174429526	0.0034092030254655316	-2.551295446865407e-5	6	19
percent_mortality_96	1	0	0	65	0.004007276980150982	0.003391177120021616	3.6848418908292274e-5	6	19
percent_mortality_96	1	0	0	70	0.004038600848273036	0.002697724158099446	4.3114073382864334e-5	6	19
percent_mortality_96	1	0	0	75	0.004851477486770077	0.001222718432655181	-2.1888334570166152e-5	6	19
percent_mortality_96	1	0	0	80	0.004776527546677988	6.355392780153178e-4	1.9284603100352144e-5	6	19
percent_mortality_96	1	0	0	85	0.0055065758650570135	7.566381280371963e-4	-6.729053969559717e-5	6	19
percent_mortality_96	1	0	0	90	0.005340870743738648	0.0012530621022465525	-1.0695482989736129e-4	6	19
percent_mortality_96	1	0	0	95	0.0034256795306243566	0	1.6166598249526834e-7	6	19
